Optimal - objective value 0.00000000
      0 x0                     0                       1
      1 x1                     0                       1
      2 x2                     0                       1
      3 x3                     0                       1
      4 x4                     0                       1
      5 x5                     0                       1
      6 x6                     0                       1
      7 x7                     0                       1
      8 x8                     0                       1
      9 x9                     0                       1
     10 x10                    0                       1
     11 x11                    0                       1
     12 x12                    0                       1
     13 x13                    0                       1
     14 x14                    0                       1
     15 x15                    0                       1
     16 x16                    0                       1
     17 x17                    0                       1
     18 x18                    0                       1
     19 x19                    0                       1
     20 x20                    0                       1
     21 x21                    0                       1
     22 x22                    0                       1
     23 x23                    0                       1
     24 x24                    0                       1
     25 x25                    0                       1
     26 x26                    0                       1
     27 x27                    0                       1
     28 x28                    0                       1
     29 x29                    0                       1
     30 x30                    0                       1
     31 x31                    0                       1
     32 x32                    0                       1
     33 x33                    0                       1
     34 x34                    0                       1
     35 x35                    0                       1
     36 x36                    0                       1
     37 x37                    0                       1
     38 x38                    0                       1
