Optimal - objective value 16.00000000
    120 x120                     1                       1
    493 x493                     1                       1
    615 x615                     1                       1
    812 x812                     1                       1
   1197 x1197                    1                       1
   1792 x1792                    1                       1
   1798 x1798                    1                       1
   2040 x2040                    1                       1
   2043 x2043                    1                       1
   2304 x2304                    1                       1
   2735 x2735                    1                       1
   2858 x2858                    1                       1
   2947 x2947                    1                       1
   2950 x2950                    1                       1
   3174 x3174                    1                       1
   3438 x3438                    1                       1
