Optimal - objective value 18.00000000
     11 x11                      1                       1
     29 x29                      1                       1
     38 x38                      1                       1
     57 x57                      1                       1
     80 x80                      1                       1
    102 x102                     1                       1
    117 x117                     1                       1
    122 x122                     1                       1
    127 x127                     1                       1
    143 x143                     1                       1
    144 x144                     1                       1
    158 x158                     1                       1
    160 x160                     1                       1
    218 x218                     1                       1
    293 x293                     1                       1
    297 x297                     1                       1
    337 x337                     1                       1
    349 x349                     1                       1
